I
700 version
1234 device type code
1.00000  1.80000  0.75000  0.10100  0.32100  -14.00000  14.00000  4.00000  1.18684  1.57600  0.00000  1.16405  0.31900  0.01773  0.38040  0.05114  2.00000  0.38040  0.05114  2.00000  0.00000  0.00000  0.00000  0.00000  -4.66667  4.66667  -0.00530  -0.07310  -0.14220  -0.21000
alpha cl cd cm:
-180.0  0.01400  0.04970  0.00000
-179.0  0.18500  0.05020  0.07822
-178.0  0.34900  0.05080  0.15451
-177.0  0.50000  0.05240  0.22700
-176.0  0.63800  0.05490  0.29389
-175.0  0.75000  0.05830  0.35355
-174.0  0.80000  0.06240  0.40451
-173.0  0.80000  0.06720  0.44550
-172.0  0.78100  0.07270  0.47553
-171.0  0.75000  0.07890  0.49384
-170.0  0.71200  0.08640  0.50000
-169.0  0.66400  0.09880  0.49140
-168.0  0.62200  0.11450  0.47490
-167.0  0.59000  0.13310  0.45430
-166.0  0.56400  0.15430  0.43050
-165.0  0.54900  0.18110  0.40910
-164.0  0.54100  0.21330  0.38850
-163.0  0.54300  0.24830  0.36540
-162.0  0.55300  0.28050  0.34810
-161.0  0.56900  0.31340  0.33740
-160.0  0.59800  0.34770  0.33500
-159.0  0.63392  0.38477  0.34425
-158.0  0.66969  0.42183  0.35349
-157.0  0.70518  0.45885  0.36270
-156.0  0.74025  0.49581  0.37188
-155.0  0.77476  0.53270  0.38102
-154.0  0.80857  0.56949  0.39010
-153.0  0.84155  0.60618  0.39911
-152.0  0.87356  0.64273  0.40804
-151.0  0.90449  0.67913  0.41689
-150.0  0.93421  0.71537  0.42564
-149.0  0.96261  0.75142  0.43427
-148.0  0.98956  0.78727  0.44279
-147.0  1.01497  0.82290  0.45117
-146.0  1.03873  0.85829  0.45941
-145.0  1.06076  0.89342  0.46750
-144.0  1.08096  0.92828  0.47543
-143.0  1.09925  0.96284  0.48319
-142.0  1.11556  0.99710  0.49076
-141.0  1.12983  1.03102  0.49815
-140.0  1.14200  1.06461  0.50534
-139.0  1.15203  1.09783  0.51232
-138.0  1.15987  1.13067  0.51908
-137.0  1.16549  1.16312  0.52563
-136.0  1.16887  1.19516  0.53193
-135.0  1.17000  1.22678  0.53800
-134.0  1.16929  1.25795  0.54382
-133.0  1.16715  1.28866  0.54939
-132.0  1.16359  1.31890  0.55469
-131.0  1.15861  1.34865  0.55973
-130.0  1.15223  1.37789  0.56450
-129.0  1.14443  1.40662  0.56898
-128.0  1.13525  1.43481  0.57318
-127.0  1.12468  1.46246  0.57709
-126.0  1.11274  1.48954  0.58070
-125.0  1.09944  1.51605  0.58402
-124.0  1.08481  1.54197  0.58703
-123.0  1.06885  1.56729  0.58973
-122.0  1.05159  1.59200  0.59213
-121.0  1.03305  1.61608  0.59421
-120.0  1.01325  1.63952  0.59597
-119.0  0.99222  1.66231  0.59742
-118.0  0.96997  1.68444  0.59855
-117.0  0.94655  1.70589  0.59935
-116.0  0.92197  1.72667  0.59984
-115.0  0.89627  1.74674  0.60000
-114.0  0.86948  1.76611  0.59992
-113.0  0.84163  1.78477  0.59969
-112.0  0.81275  1.80271  0.59930
-111.0  0.78288  1.81991  0.59876
-110.0  0.75206  1.83637  0.59806
-109.0  0.72032  1.85208  0.59721
-108.0  0.68771  1.86704  0.59621
-107.0  0.65426  1.88122  0.59505
-106.0  0.62001  1.89464  0.59373
-105.0  0.58500  1.90728  0.59227
-104.0  0.54928  1.91913  0.59065
-103.0  0.51289  1.93019  0.58888
-102.0  0.47588  1.94046  0.58695
-101.0  0.43829  1.94992  0.58488
-100.0  0.40016  1.95857  0.58265
-99.0  0.36155  1.96642  0.58027
-98.0  0.32250  1.97345  0.57775
-97.0  0.28305  1.97966  0.57507
-96.0  0.24326  1.98505  0.57225
-95.0  0.20317  1.98961  0.56928
-94.0  0.16283  1.99335  0.56616
-93.0  0.12230  1.99626  0.56290
-92.0  0.08162  1.99834  0.55949
-91.0  0.04083  1.99958  0.55594
-90.0  0.00000  2.00000  0.55224
-89.0  -0.04083  1.99954  0.54841
-88.0  -0.08162  1.99818  0.54443
-87.0  -0.12230  1.99590  0.54031
-86.0  -0.16283  1.99271  0.53606
-85.0  -0.20317  1.98861  0.53166
-84.0  -0.24326  1.98361  0.52713
-83.0  -0.28305  1.97770  0.52247
-82.0  -0.32250  1.97089  0.51767
-81.0  -0.36155  1.96318  0.51274
-80.0  -0.40016  1.95458  0.50767
-79.0  -0.43829  1.94509  0.50248
-78.0  -0.47588  1.93472  0.49716
-77.0  -0.51289  1.92347  0.49171
-76.0  -0.54928  1.91134  0.48614
-75.0  -0.58500  1.89835  0.48044
-74.0  -0.62001  1.88449  0.47462
-73.0  -0.65426  1.86978  0.46868
-72.0  -0.68771  1.85423  0.46262
-71.0  -0.72032  1.83783  0.45645
-70.0  -0.75206  1.82061  0.45016
-69.0  -0.78288  1.80256  0.44375
-68.0  -0.81275  1.78370  0.43723
-67.0  -0.84163  1.76404  0.43060
-66.0  -0.86948  1.74358  0.42386
-65.0  -0.89627  1.72235  0.41702
-64.0  -0.92197  1.70033  0.41007
-63.0  -0.94655  1.67756  0.40302
-62.0  -0.96997  1.65404  0.39586
-61.0  -0.99222  1.62978  0.38861
-60.0  -1.01325  1.60479  0.38126
-59.0  -1.03305  1.57910  0.37381
-58.0  -1.05159  1.55270  0.36627
-57.0  -1.06885  1.52561  0.35864
-56.0  -1.08481  1.49785  0.35093
-55.0  -1.09944  1.46943  0.34312
-54.0  -1.11274  1.44037  0.33523
-53.0  -1.12468  1.41068  0.32726
-52.0  -1.13525  1.38037  0.31920
-51.0  -1.14443  1.34946  0.31107
-50.0  -1.15223  1.31796  0.30286
-49.0  -1.15861  1.28590  0.29458
-48.0  -1.16359  1.25329  0.28623
-47.0  -1.16715  1.22013  0.27780
-46.0  -1.16929  1.18646  0.26932
-45.0  -1.17000  1.15229  0.26076
-44.0  -1.16863  1.11763  0.25215
-43.0  -1.16454  1.08251  0.24347
-42.0  -1.15773  1.04693  0.23474
-41.0  -1.14823  1.01092  0.22595
-40.0  -1.13608  0.97450  0.21710
-39.0  -1.12134  0.93768  0.20821
-38.0  -1.10405  0.90048  0.19927
-37.0  -1.08428  0.86293  0.19029
-36.0  -1.06212  0.82503  0.18126
-35.0  -1.03765  0.78682  0.17219
-34.0  -1.01097  0.74831  0.16308
-33.0  -0.98218  0.70951  0.15394
-32.0  -0.95139  0.67045  0.14477
-31.0  -0.91873  0.63115  0.13556
-30.0  -0.88434  0.59162  0.12633
-29.0  -0.84833  0.55189  0.11707
-28.0  -0.81086  0.51198  0.10778
-27.0  -0.77207  0.47191  0.09848
-26.0  -0.73211  0.43169  0.08916
-25.0  -0.69115  0.39135  0.07982
-24.0  -0.64934  0.35091  0.07047
-23.0  -0.60686  0.31039  0.06111
-22.0  -0.56386  0.26980  0.05175
-21.0  -0.52051  0.22918  0.04237
-20.0  -0.47700  0.18853  0.03300
-19.9  -0.47810  0.18686  0.03240
-19.8  -0.47920  0.18520  0.03180
-19.7  -0.48030  0.18353  0.03120
-19.6  -0.48140  0.18187  0.03060
-19.5  -0.48250  0.18020  0.03000
-19.4  -0.48360  0.17853  0.02940
-19.3  -0.48470  0.17687  0.02880
-19.2  -0.48580  0.17520  0.02820
-19.1  -0.48690  0.17354  0.02760
-19.0  -0.48800  0.17187  0.02700
-18.9  -0.48870  0.16971  0.02630
-18.8  -0.48940  0.16755  0.02560
-18.7  -0.49010  0.16539  0.02490
-18.6  -0.49080  0.16323  0.02420
-18.5  -0.49150  0.16108  0.02350
-18.4  -0.49220  0.15892  0.02280
-18.3  -0.49290  0.15676  0.02210
-18.2  -0.49360  0.15460  0.02140
-18.1  -0.49430  0.15244  0.02070
-18.0  -0.49500  0.15028  0.02000
-17.9  -0.49510  0.14873  0.01940
-17.8  -0.49520  0.14717  0.01880
-17.7  -0.49530  0.14561  0.01820
-17.6  -0.49540  0.14406  0.01760
-17.5  -0.49550  0.14250  0.01700
-17.4  -0.49560  0.14095  0.01640
-17.3  -0.49570  0.13939  0.01580
-17.2  -0.49580  0.13784  0.01520
-17.1  -0.49590  0.13628  0.01460
-17.0  -0.49600  0.13473  0.01400
-16.9  -0.49530  0.13332  0.01340
-16.8  -0.49460  0.13191  0.01280
-16.7  -0.49390  0.13050  0.01220
-16.6  -0.49320  0.12909  0.01160
-16.5  -0.49250  0.12768  0.01100
-16.4  -0.49180  0.12627  0.01040
-16.3  -0.49110  0.12486  0.00980
-16.2  -0.49040  0.12345  0.00920
-16.1  -0.48970  0.12204  0.00860
-16.0  -0.48900  0.12063  0.00800
-15.9  -0.48760  0.11927  0.00730
-15.8  -0.48620  0.11792  0.00660
-15.7  -0.48480  0.11656  0.00590
-15.6  -0.48340  0.11521  0.00520
-15.5  -0.48200  0.11385  0.00450
-15.4  -0.48060  0.11249  0.00380
-15.3  -0.47920  0.11114  0.00310
-15.2  -0.47780  0.10978  0.00240
-15.1  -0.47640  0.10843  0.00170
-15.0  -0.47500  0.10707  0.00100
-14.9  -0.47240  0.10580  0.00030
-14.8  -0.46980  0.10453  -0.00040
-14.7  -0.46720  0.10327  -0.00110
-14.6  -0.46460  0.10200  -0.00180
-14.5  -0.46200  0.10073  -0.00250
-14.4  -0.45940  0.09946  -0.00320
-14.3  -0.45680  0.09819  -0.00390
-14.2  -0.45420  0.09693  -0.00460
-14.1  -0.45160  0.09566  -0.00530
-14.0  -0.44900  0.09439  -0.00600
-13.9  -0.44540  0.09345  -0.00670
-13.8  -0.44180  0.09251  -0.00740
-13.7  -0.43820  0.09156  -0.00810
-13.6  -0.43460  0.09062  -0.00880
-13.5  -0.43100  0.08968  -0.00950
-13.4  -0.42740  0.08874  -0.01020
-13.3  -0.42380  0.08780  -0.01090
-13.2  -0.42020  0.08685  -0.01160
-13.1  -0.41660  0.08591  -0.01230
-13.0  -0.41300  0.08497  -0.01300
-12.9  -0.40850  0.08396  -0.01370
-12.8  -0.40400  0.08296  -0.01440
-12.7  -0.39950  0.08195  -0.01510
-12.6  -0.39500  0.08094  -0.01580
-12.5  -0.39050  0.07993  -0.01650
-12.4  -0.38600  0.07893  -0.01720
-12.3  -0.38150  0.07792  -0.01790
-12.2  -0.37700  0.07691  -0.01860
-12.1  -0.37250  0.07591  -0.01930
-12.0  -0.36800  0.07490  -0.02000
-11.9  -0.36240  0.07403  -0.02070
-11.8  -0.35680  0.07317  -0.02140
-11.7  -0.35120  0.07230  -0.02210
-11.6  -0.34560  0.07143  -0.02280
-11.5  -0.34000  0.07056  -0.02350
-11.4  -0.33440  0.06970  -0.02420
-11.3  -0.32880  0.06883  -0.02490
-11.2  -0.32320  0.06796  -0.02560
-11.1  -0.31760  0.06710  -0.02630
-11.0  -0.31200  0.06623  -0.02700
-10.9  -0.30730  0.06607  -0.02770
-10.8  -0.30260  0.06591  -0.02840
-10.7  -0.29790  0.06575  -0.02910
-10.6  -0.29320  0.06559  -0.02980
-10.5  -0.28850  0.06543  -0.03050
-10.4  -0.28380  0.06528  -0.03120
-10.3  -0.27910  0.06512  -0.03190
-10.2  -0.27440  0.06496  -0.03260
-10.1  -0.26970  0.06480  -0.03330
-10.0  -0.26500  0.06464  -0.03400
-9.9  -0.25800  0.06359  -0.03470
-9.8  -0.25100  0.06255  -0.03540
-9.7  -0.24400  0.06150  -0.03610
-9.6  -0.23700  0.06045  -0.03680
-9.5  -0.23000  0.05940  -0.03750
-9.4  -0.22300  0.05836  -0.03820
-9.3  -0.21600  0.05731  -0.03890	
-9.2  -0.20900  0.05626  -0.03960	
-9.1  -0.20200  0.05522  -0.04030	
-9.0  -0.19500  0.05417  -0.04100	
-8.9  -0.18760  0.05337  -0.04180	
-8.8  -0.18020  0.05258  -0.04260	
-8.7  -0.17280  0.05178  -0.04340	
-8.6  -0.16540  0.05099  -0.04420	
-8.5  -0.15800  0.05019  -0.04500	
-8.4  -0.15060  0.04939  -0.04580	
-8.3  -0.14320  0.04860  -0.04660	
-8.2  -0.13580  0.04780  -0.04740	
-8.1  -0.12840  0.04701  -0.04820	
-8.0  -0.12100  0.04621  -0.04900	
-7.9  -0.11310  0.04561  -0.04970	
-7.8  -0.10520  0.04501  -0.05040	
-7.7  -0.09730  0.04441  -0.05110
-7.6  -0.08940  0.04381  -0.05180
-7.5  -0.08150  0.04321  -0.05250
-7.4  -0.07360  0.04262  -0.05320
-7.3  -0.06570  0.04202  -0.05390
-7.2  -0.05780  0.04142  -0.05460
-7.1  -0.04990  0.04082  -0.05530
-7.0  -0.04200  0.04022  -0.05600
-6.9  -0.06160  0.03965  -0.05670
-6.8  -0.08120  0.03909  -0.05740
-6.7  -0.10080  0.03852  -0.05810
-6.6  -0.12040  0.03796  -0.05880
-6.5  -0.14000  0.03739  -0.05950
-6.4  -0.15960  0.03683  -0.06020
-6.3  -0.17920  0.03626  -0.06090
-6.2  -0.19880  0.03570  -0.06160
-6.1  -0.21840  0.03513  -0.06230
-6.0  -0.23800  0.03457  -0.06300
-5.9  -0.22430  0.03408  -0.06380
-5.8  -0.21060  0.03360  -0.06460
-5.7  -0.19690  0.03311  -0.06540
-5.6  -0.18320  0.03263  -0.06620
-5.5  -0.16950  0.03214  -0.06700
-5.4  -0.15580  0.03165  -0.06780
-5.3  -0.14210  0.03117  -0.06860
-5.2  -0.12840  0.03068  -0.06940
-5.1  -0.11470  0.03020  -0.07020
-5.0  -0.10100  0.02971  -0.07100
-4.9  -0.08760  0.02931  -0.07170
-4.8  -0.07420  0.02892  -0.07240
-4.7  -0.06080  0.02852  -0.07310
-4.6  -0.04740  0.02813  -0.07380
-4.5  -0.03400  0.02773  -0.07450
-4.4  -0.02060  0.02733  -0.07520
-4.3  -0.00720  0.02694  -0.07590
-4.2  0.00620  0.02654  -0.07660
-4.1  0.01960  0.02615  -0.07730
-4.0  0.03300  0.02575  -0.07800
-3.9  0.04610  0.02536  -0.07880
-3.8  0.05920  0.02497  -0.07960
-3.7  0.07230  0.02458  -0.08040
-3.6  0.08540  0.02419  -0.08120
-3.5  0.09850  0.02380  -0.08200
-3.4  0.11160  0.02341  -0.08280
-3.3  0.12470  0.02302  -0.08360
-3.2  0.13780  0.02263  -0.08440
-3.1  0.15090  0.02224  -0.08520
-3.0  0.16400  0.02185  -0.08600
-2.9  0.17600  0.02162  -0.08700
-2.8  0.18800  0.02138  -0.08800
-2.7  0.20000  0.02115  -0.08900
-2.6  0.21200  0.02092  -0.09000
-2.5  0.22400  0.02069  -0.09100
-2.4  0.23600  0.02045  -0.09200
-2.3  0.24800  0.02022  -0.09300
-2.2  0.26000  0.01999  -0.09400
-2.1  0.27200  0.01975  -0.09500
-2.0  0.28400  0.01952  -0.09600
-1.9  0.29640  0.01949  -0.09660
-1.8  0.30880  0.01946  -0.09720
-1.7  0.32120  0.01944  -0.09780
-1.6  0.33360  0.01941  -0.09840
-1.5  0.34600  0.01938  -0.09900
-1.4  0.35840  0.01935  -0.09960
-1.3  0.37080  0.01932  -0.10020
-1.2  0.38320  0.01930  -0.10080
-1.1  0.39560  0.01927  -0.10140
-1.0  0.40800  0.01924  -0.10200
-0.9  0.39930  0.01962  -0.10270
-0.8  0.39060  0.02000  -0.10340
-0.7  0.38190  0.02039  -0.10410
-0.6  0.37320  0.02077  -0.10480
-0.5  0.36450  0.02115  -0.10550
-0.4  0.35580  0.02153  -0.10620
-0.3  0.34710  0.02191  -0.10690
-0.2  0.33840  0.02230  -0.10760
-0.1  0.32970  0.02268  -0.10830
0.0  0.32100  0.02306  -0.10900
0.1  0.33090  0.02321  -0.10970
0.2  0.34080  0.02336  -0.11040
0.3  0.35070  0.02350  -0.11110
0.4  0.36060  0.02365  -0.11180
0.5  0.37050  0.02380  -0.11250
0.6  0.38040  0.02395  -0.11320
0.7  0.39030  0.02410  -0.11390
0.8  0.40020  0.02424  -0.11460
0.9  0.41010  0.02439  -0.11530
1.0  0.42000  0.02454  -0.11600
1.1  0.43010  0.02469  -0.11670
1.2  0.44020  0.02484  -0.11740
1.3  0.45030  0.02499  -0.11810
1.4  0.46040  0.02514  -0.11880
1.5  0.47050  0.02529  -0.11950
1.6  0.48060  0.02544  -0.12020
1.7  0.49070  0.02559  -0.12090
1.8  0.50080  0.02574  -0.12160
1.9  0.51090  0.02589  -0.12230
2.0  0.52100  0.02604  -0.12300
2.1  0.53120  0.02620  -0.12380
2.2  0.54140  0.02636  -0.12460
2.3  0.55160  0.02652  -0.12540
2.4  0.56180  0.02668  -0.12620
2.5  0.57200  0.02684  -0.12700
2.6  0.58220  0.02699  -0.12780
2.7  0.59240  0.02715  -0.12860
2.8  0.60260  0.02731  -0.12940
2.9  0.61280  0.02747  -0.13020
3.0  0.62300  0.02763  -0.13100
3.1  0.63320  0.02780  -0.13170
3.2  0.64340  0.02797  -0.13240
3.3  0.65360  0.02814  -0.13310
3.4  0.66380  0.02831  -0.13380
3.5  0.67400  0.02848  -0.13450
3.6  0.68420  0.02864  -0.13520
3.7  0.69440  0.02881  -0.13590
3.8  0.70460  0.02898  -0.13660
3.9  0.71480  0.02915  -0.13730
4.0  0.72500  0.02932  -0.13800
4.1  0.73570  0.02948  -0.13870
4.2  0.74640  0.02964  -0.13940
4.3  0.75710  0.02981  -0.14010
4.4  0.76780  0.02997  -0.14080
4.5  0.77850  0.03013  -0.14150
4.6  0.78920  0.03029  -0.14220
4.7  0.79990  0.03045  -0.14290
4.8  0.81060  0.03062  -0.14360
4.9  0.82130  0.03078  -0.14430
5.0  0.83200  0.03094  -0.14500
5.1  0.85490  0.03105  -0.14510
5.2  0.87780  0.03116  -0.14520
5.3  0.90070  0.03128  -0.14530
5.4  0.92360  0.03139  -0.14540
5.5  0.94650  0.03150  -0.14550
5.6  0.96940  0.03161  -0.14560
5.7  0.99230  0.03172  -0.14570
5.8  1.01520  0.03184  -0.14580
5.9  1.03810  0.03195  -0.14590
6.0  1.06100  0.03206  -0.14600
6.1  1.07020  0.03238  -0.14670
6.2  1.07940  0.03270  -0.14740
6.3  1.08860  0.03302  -0.14810
6.4  1.09780  0.03334  -0.14880
6.5  1.10700  0.03366  -0.14950
6.6  1.11620  0.03397  -0.15020
6.7  1.12540  0.03429  -0.15090
6.8  1.13460  0.03461  -0.15160
6.9  1.14380  0.03493  -0.15230
7.0  1.15300  0.03525  -0.15300
7.1  1.15630  0.03494  -0.15490
7.2  1.15960  0.03463  -0.15680
7.3  1.16290  0.03433  -0.15870
7.4  1.16620  0.03402  -0.16060
7.5  1.16950  0.03371  -0.16250
7.6  1.17280  0.03340  -0.16440
7.7  1.17610  0.03309  -0.16630
7.8  1.17940  0.03279  -0.16820
7.9  1.18270  0.03248  -0.17010
8.0  1.18600  0.03217  -0.17200
8.1  1.20010  0.03324  -0.17170
8.2  1.21420  0.03431  -0.17140
8.3  1.22830  0.03537  -0.17110
8.4  1.24240  0.03644  -0.17080
8.5  1.25650  0.03751  -0.17050
8.6  1.27060  0.03858  -0.17020
8.7  1.28470  0.03965  -0.16990
8.8  1.29880  0.04071  -0.16960
8.9  1.31290  0.04178  -0.16930
9.0  1.32700  0.04285  -0.16900
9.1  1.33490  0.04331  -0.16980
9.2  1.34280  0.04377  -0.17060
9.3  1.35070  0.04424  -0.17140
9.4  1.35860  0.04470  -0.17220
9.5  1.36650  0.04516  -0.17300
9.6  1.37440  0.04562  -0.17380
9.7  1.38230  0.04608  -0.17460
9.8  1.39020  0.04655  -0.17540
9.9  1.39810  0.04701  -0.17620
10.0  1.40600  0.04747  -0.17700
10.1  1.41250  0.04797  -0.17780
10.2  1.41900  0.04847  -0.17860
10.3  1.42550  0.04897  -0.17940
10.4  1.43200  0.04947  -0.18020
10.5  1.43850  0.04997  -0.18100
10.6  1.44500  0.05046  -0.18180
10.7  1.45150  0.05096  -0.18260
10.8  1.45800  0.05146  -0.18340
10.9  1.46450  0.05196  -0.18420
11.0  1.47100  0.05246  -0.18500
11.1  1.47620  0.05305  -0.18580
11.2  1.48140  0.05364  -0.18660
11.3  1.48660  0.05423  -0.18740
11.4  1.49180  0.05482  -0.18820
11.5  1.49700  0.05541  -0.18900
11.6  1.50220  0.05601  -0.18980
11.7  1.50740  0.05660  -0.19060
11.8  1.51260  0.05719  -0.19140
11.9  1.51780  0.05778  -0.19220
12.0  1.52300  0.05837  -0.19300
12.1  1.52660  0.05904  -0.19390
12.2  1.53020  0.05971  -0.19480
12.3  1.53380  0.06038  -0.19570
12.4  1.53740  0.06105  -0.19660
12.5  1.54100  0.06172  -0.19750
12.6  1.54460  0.06240  -0.19840
12.7  1.54820  0.06307  -0.19930
12.8  1.55180  0.06374  -0.20020
12.9  1.55540  0.06441  -0.20110
13.0  1.55900  0.06508  -0.20200
13.1  1.56070  0.06581  -0.20280
13.2  1.56240  0.06653  -0.20360
13.3  1.56410  0.06726  -0.20440
13.4  1.56580  0.06798  -0.20520
13.5  1.56750  0.06871  -0.20600
13.6  1.56920  0.06944  -0.20680
13.7  1.57090  0.07016  -0.20760
13.8  1.57260  0.07089  -0.20840
13.9  1.57430  0.07161  -0.20920
14.0  1.57600  0.07234  -0.21000
14.1  1.57570  0.07322  -0.21090
14.2  1.57540  0.07411  -0.21180
14.3  1.57510  0.07499  -0.21270
14.4  1.57480  0.07588  -0.21360
14.5  1.57450  0.07676  -0.21450
14.6  1.57420  0.07765  -0.21540
14.7  1.57390  0.07853  -0.21630
14.8  1.57360  0.07942  -0.21720
14.9  1.57330  0.08030  -0.21810
15.0  1.57300  0.08119  -0.21900
15.1  1.55960  0.08356  -0.22050
15.2  1.54620  0.08594  -0.22200
15.3  1.53280  0.08831  -0.22350
15.4  1.51940  0.09068  -0.22500
15.5  1.50600  0.09305  -0.22650
15.6  1.49260  0.09543  -0.22800
15.7  1.47920  0.09780  -0.22950
15.8  1.46580  0.10017  -0.23100
15.9  1.45240  0.10255  -0.23250
16.0  1.43900  0.10492  -0.23400
16.1  1.43630  0.10650  -0.23470
16.2  1.43360  0.10808  -0.23540
16.3  1.43090  0.10966  -0.23610
16.4  1.42820  0.11124  -0.23680
16.5  1.42550  0.11282  -0.23750
16.6  1.42280  0.11439  -0.23820
16.7  1.42010  0.11597  -0.23890
16.8  1.41740  0.11755  -0.23960
16.9  1.41470  0.11913  -0.24030
17.0  1.41200  0.12071  -0.24100
17.1  1.40790  0.12178  -0.24180
17.2  1.40380  0.12284  -0.24260
17.3  1.39970  0.12391  -0.24340
17.4  1.39560  0.12498  -0.24420
17.5  1.39150  0.12605  -0.24500
17.6  1.38740  0.12711  -0.24580
17.7  1.38330  0.12818  -0.24660
17.8  1.37920  0.12925  -0.24740
17.9  1.37510  0.13031  -0.24820
18.0  1.37100  0.13138  -0.24900
18.1  1.36570  0.13370  -0.24970
18.2  1.36040  0.13602  -0.25040
18.3  1.35510  0.13834  -0.25110
18.4  1.34980  0.14066  -0.25180
18.5  1.34450  0.14298  -0.25250
18.6  1.33920  0.14530  -0.25320
18.7  1.33390  0.14762  -0.25390
18.8  1.32860  0.14994  -0.25460
18.9  1.32330  0.15226  -0.25530
19.0  1.31800  0.15458  -0.25600
19.1  1.31190  0.15610  -0.25680
19.2  1.30580  0.15761  -0.25760
19.3  1.29970  0.15913  -0.25840
19.4  1.29360  0.16065  -0.25920
19.5  1.28750  0.16217  -0.26000
19.6  1.28140  0.16368  -0.26080
19.7  1.27530  0.16520  -0.26160
19.8  1.26920  0.16672  -0.26240
19.9  1.26310  0.16823  -0.26320
20.0  1.25700  0.17122  -0.26400
21.0  1.25154  0.21225  -0.26956
22.0  1.24610  0.25327  -0.27511
23.0  1.24070  0.29424  -0.28066
24.0  1.23536  0.33515  -0.28621
25.0  1.23012  0.37598  -0.29175
26.0  1.22497  0.41670  -0.29728
27.0  1.21996  0.45730  -0.30280
28.0  1.21509  0.49776  -0.30832
29.0  1.21038  0.53805  -0.31382
30.0  1.20586  0.57816  -0.31930
31.0  1.20154  0.61806  -0.32478
32.0  1.19744  0.65774  -0.33023
33.0  1.19358  0.69717  -0.33567
34.0  1.18997  0.73634  -0.34109
35.0  1.18662  0.77523  -0.34648
36.0  1.18354  0.81381  -0.35186
37.0  1.18076  0.85206  -0.35721
38.0  1.17828  0.88997  -0.36253
39.0  1.17611  0.92753  -0.36783
40.0  1.17426  0.96470  -0.37310
41.0  1.17273  1.00147  -0.37834
42.0  1.17154  1.03782  -0.38355
43.0  1.17069  1.07374  -0.38872
44.0  1.17017  1.10920  -0.39386
45.0  1.17000  1.14419  -0.39897
46.0  1.16929  1.17869  -0.40404
47.0  1.16715  1.21268  -0.40907
48.0  1.16359  1.24615  -0.41406
49.0  1.15861  1.27908  -0.41901
50.0  1.15223  1.31144  -0.42392
51.0  1.14443  1.34324  -0.42878
52.0  1.13525  1.37444  -0.43360
53.0  1.12468  1.40504  -0.43837
54.0  1.11274  1.43502  -0.44310
55.0  1.09944  1.46436  -0.44777
56.0  1.08481  1.49305  -0.45240
57.0  1.06885  1.52108  -0.45697
58.0  1.05159  1.54842  -0.46150
59.0  1.03305  1.57507  -0.46596
60.0  1.01325  1.60102  -0.47038
61.0  0.99222  1.62624  -0.47473
62.0  0.96997  1.65073  -0.47903
63.0  0.94655  1.67448  -0.48327
64.0  0.92197  1.69747  -0.48745
65.0  0.89627  1.71969  -0.49157
66.0  0.86948  1.74113  -0.49562
67.0  0.84163  1.76178  -0.49962
68.0  0.81275  1.78164  -0.50354
69.0  0.78288  1.80067  -0.50741
70.0  0.75206  1.81889  -0.51120
71.0  0.72032  1.83628  -0.51493
72.0  0.68771  1.85283  -0.51859
73.0  0.65426  1.86854  -0.52218
74.0  0.62001  1.88339  -0.52570
75.0  0.58500  1.89737  -0.52915
76.0  0.54928  1.91049  -0.53253
77.0  0.51289  1.92274  -0.53583
78.0  0.47588  1.93410  -0.53906
79.0  0.43829  1.94457  -0.54221
80.0  0.40016  1.95415  -0.54529
81.0  0.36155  1.96283  -0.54829
82.0  0.32250  1.97061  -0.55121
83.0  0.28305  1.97748  -0.55405
84.0  0.24326  1.98345  -0.55682
85.0  0.20317  1.98850  -0.55950
86.0  0.16283  1.99264  -0.56211
87.0  0.12230  1.99586  -0.56463
88.0  0.08162  1.99816  -0.56707
89.0  0.04083  1.99954  -0.56943
90.0  0.00000  2.00000  -0.57170
91.0  -0.04083  1.99958  -0.57389
92.0  -0.08162  1.99834  -0.57599
93.0  -0.12230  1.99626  -0.57801
94.0  -0.16283  1.99335  -0.57995
95.0  -0.20317  1.98961  -0.58179
96.0  -0.24326  1.98505  -0.58355
97.0  -0.28305  1.97966  -0.58523
98.0  -0.32250  1.97345  -0.58681
99.0  -0.36155  1.96642  -0.58831
100.0  -0.40016  1.95857  -0.58972
101.0  -0.43829  1.94992  -0.59104
102.0  -0.47588  1.94046  -0.59227
103.0  -0.51289  1.93019  -0.59341
104.0  -0.54928  1.91913  -0.59446
105.0  -0.58500  1.90728  -0.59542
106.0  -0.62001  1.89464  -0.59629
107.0  -0.65426  1.88122  -0.59706
108.0  -0.68771  1.86704  -0.59775
109.0  -0.72032  1.85208  -0.59835
110.0  -0.75206  1.83637  -0.59885
111.0  -0.78288  1.81991  -0.59927
112.0  -0.81275  1.80271  -0.59959
113.0  -0.84163  1.78477  -0.59982
114.0  -0.86948  1.76611  -0.59995
115.0  -0.89627  1.74674  -0.60000
116.0  -0.92197  1.72667  -0.59984
117.0  -0.94655  1.70589  -0.59935
118.0  -0.96997  1.68444  -0.59855
119.0  -0.99222  1.66231  -0.59742
120.0  -1.01325  1.63952  -0.59597
121.0  -1.03305  1.61608  -0.59421
122.0  -1.05159  1.59200  -0.59213
123.0  -1.06885  1.56729  -0.58973
124.0  -1.08481  1.54197  -0.58703
125.0  -1.09944  1.51605  -0.58402
126.0  -1.11274  1.48954  -0.58070
127.0  -1.12468  1.46246  -0.57709
128.0  -1.13525  1.43481  -0.57318
129.0  -1.14443  1.40662  -0.56898
130.0  -1.15223  1.37789  -0.56450
131.0  -1.15861  1.34865  -0.55973
132.0  -1.16359  1.31890  -0.55469
133.0  -1.16715  1.28866  -0.54939
134.0  -1.16929  1.25795  -0.54382
135.0  -1.17000  1.22678  -0.53800
136.0  -1.16887  1.19516  -0.53193
137.0  -1.16549  1.16312  -0.52563
138.0  -1.15987  1.13067  -0.51908
139.0  -1.15203  1.09783  -0.51232
140.0  -1.14200  1.06461  -0.50534
141.0  -1.12983  1.03102  -0.49815
142.0  -1.11556  0.99710  -0.49076
143.0  -1.09925  0.96284  -0.48319
144.0  -1.08096  0.92828  -0.47543
145.0  -1.06076  0.89342  -0.46750
146.0  -1.03873  0.85829  -0.45941
147.0  -1.01497  0.82290  -0.45117
148.0  -0.98956  0.78727  -0.44279
149.0  -0.96261  0.75142  -0.43427
150.0  -0.93421  0.71537  -0.42564
151.0  -0.90449  0.67913  -0.41689
152.0  -0.87356  0.64273  -0.40804
153.0  -0.84155  0.60618  -0.39911
154.0  -0.80857  0.56949  -0.39010
155.0  -0.77476  0.53270  -0.38102
156.0  -0.74025  0.49581  -0.37188
157.0  -0.70518  0.45885  -0.36270
158.0  -0.66969  0.42183  -0.35349
159.0  -0.63392  0.38477  -0.34425
160.0  -0.59800  0.34770  -0.33500
161.0  -0.56900  0.31340  -0.33740
162.0  -0.55300  0.28050  -0.34810
163.0  -0.54300  0.24830  -0.36540
164.0  -0.54100  0.21330  -0.38850
165.0  -0.54900  0.18110  -0.40910
166.0  -0.56400  0.15430  -0.43050
167.0  -0.59000  0.13310  -0.45430
168.0  -0.62200  0.11450  -0.47490
169.0  -0.66400  0.09880  -0.49140
170.0  -0.71200  0.08640  -0.50000
171.0  -0.75000  0.07890  -0.49384
172.0  -0.78100  0.07270  -0.47553
173.0  -0.80000  0.06720  -0.44550
174.0  -0.80000  0.06240  -0.40451
175.0  -0.75000  0.05830  -0.35355
176.0  -0.63800  0.05490  -0.29389
177.0  -0.50000  0.05240  -0.22700
178.0  -0.34900  0.05080  -0.15451
179.0  -0.18500  0.05020  -0.07822
180.0  -0.01400  0.04970  0.00000
